# LiF 3 Center
60831
60832
60833
60837
60838
60839
60840
60841
60842
60843
60844
60845
60846
60847
60848
60854
60856
60857
60858
60862
60863
60865
60866
60867
60869
60876
60877
60878
60879
60880
60882
60883
60885
60888
60889
60893
60895
60896
60899
60900
60902
60903
60904
60905
60906
60909
60910
60911
60912
60914
60915
60916
60922
60925
60926
60929
60930
60931
60932
60933
60935
60936
60937
60938
60939
60940
60941
60942
60945
60946
60947
60948
60949
60953
60954
60958
60959
60960
60961
60964
60965
60966
60967
60968
60969
60971
60973
60974
60976

# LiF 2 Center
# 60985
# 60987
# 60988
# 60989
# 60990
# 60994
# 60995
# 60998
# 60999
# 61000
# 61002
# 61004
# 61005
# 61008
# 61010
# 61011
# 61012
# 61013
# 61018
# 61020
# 61024
# 61026
# 61027
# 61028
# 61031
# 61033
# 61034
# 61036
# 61037
# 61039
# 61040
# 61042
# 61049
# 61051
# 61052
# 61053
# 61054
# 61055
# 61056
# 61058
# 61061
# 61063
# 61065
# 61067
# 61068